gamma: 4.0
num_of_laguerre: 40
smallest_eigenvalue: -2.224546437803458
first_eigenvector: 0.5336130234248896 -0.5169256044043714 0.38864659643813965 -0.30345905998488715 0.24603612496859142 -0.19179843733401236 0.1513338883576201 -0.12151881910753265 0.0944921248318141 -0.07581653671301752 0.05982647738920927 -0.047031419130745065 0.037865617482885784 -0.029374223680620017 0.023736473780510345 -0.01855260622851199 0.01474287811992756 -0.011789708629929414 0.009142386762925213 -0.007466744326023235 0.0057141706969736725 -0.004676526849384326 0.003618498016257109 -0.0028909110987841023 0.002314908610766409 -0.001773059780152175 0.0014804992725574422 -0.001090629520057642 0.0009329213333801478 -0.0006800760849158536 0.0005702934732524947 -0.0004300410494640495 0.0003320163501627272 -0.0002693155856857332 0.00017718883599467222 -0.00015535401810681657 7.455487956405095e-05 -6.357344405664173e-05 -1.609833523198302e-06 2.1586739630786633e-05 0.10985393600601494 -0.15496380610104873 0.07991138804761948 -0.03335276856223167 0.03701339461866263 -0.017969592954363692 0.012121855365160571 -0.012287954955358315 0.004694991159438684 -0.006361800466339824 0.0034045177724313525 -0.0024480356077820186 0.002763948868719058 -0.0008644123465523731 0.0017785173337856932 -0.000560122188508275 0.0008310838810374677 -0.0005924589838895932 0.00024286906682130093 -0.000546040541313129 2.318411870509142e-05 -0.0003784957522600527 2.046440796193115e-05 -0.0001806634555401066 8.12243988535736e-05 -3.285027744886433e-05 0.00011816444845011148 3.8005556401661255e-05 0.00010892937862968934 4.683883496878321e-05 6.781433414339379e-05 2.483254987085632e-05 1.843130802355671e-05 9.37437687920007e-09 -2.219579729666885e-05 -1.0987910105612926e-05 -4.848637299523423e-05 -2.5040409994582836e-06 -6.45527150773964e-05 2.4720591806225892e-05
